	
3	13	43	24	11	32
41	10	40	22	15	1
47	21	27	51	7	42
2	22	6	21	37	40
16	29	15	44	22	18
13	47	50	1	21	39
28	23	47	50	31	12
38	2	14	41	20	52
12	43	29	17	52	13
5	37	48	21	6	3
27	48	24	17	19	9
38	50	42	12	51	3
11	49	2	8	47	5
20	48	52	42	49	13
13	41	36	44	24	52
7	10	37	31	48	1
16	28	50	51	20	40
28	44	33	24	52	4
6	17	41	18	45	23
12	35	11	39	4	8
3	32	28	27	51	25
9	47	32	8	17	48
2	33	21	17	18	49
45	39	3	36	28	48
39	2	10	14	17	3
21	17	15	10	23	5
6	39	32	46	23	36
4	2	43	47	49	50
29	50	21	5	31	49
25	1	6	38	2	5
40	6	9	26	11	50
50	11	17	23	40	14
6	13	43	42	23	52
51	17	43	24	50	7
40	5	20	31	1	13
27	29	32	5	8	10
3	47	4	20	13	28
28	11	48	23	10	17
34	38	5	32	8	6
25	42	15	6	18	21
39	11	51	25	15	8
10	6	9	1	48	33
32	5	27	52	33	7
48	46	47	19	14	50
51	23	50	39	6	5
48	4	1	34	46	13
34	32	33	30	2	25
15	22	14	39	25	17
31	47	24	14	5	18
40	44	2	14	6	15
5	39	21	52	35	24
37	9	35	18	7	27
51	48	38	3	42	22
20	3	26	24	22	42
27	50	9	4	7	17
34	1	16	17	9	31
22	12	6	51	3	43
8	43	4	29	48	24
7	26	27	16	1	5
6	18	32	22	5	10
2	42	31	34	39	41
26	9	20	39	31	33
49	4	32	1	19	24
25	30	7	34	3	19
19	6	12	36	49	52
9	30	13	23	24	42
7	37	23	32	22	8
6	37	20	5	34	18
1	27	3	6	44	5
27	29	9	36	4	47
42	27	48	22	4	32
3	43	10	16	12	18
39	34	26	32	21	44
33	28	15	44	9	50
38	25	48	46	42	50
44	37	5	16	31	10
18	24	29	34	8	13
41	49	7	44	34	8
21	35	9	19	1	5
42	44	2	12	28	40
30	18	28	25	4	15
22	21	36	25	46	8
50	42	7	22	28	45
9	21	48	19	45	3
18	51	46	48	15	39
24	5	37	17	44	27
25	11	14	33	24	17
49	37	41	11	17	22
43	20	13	29	5	11
8	48	7	32	42	28
37	15	32	29	9	38
30	34	35	21	37	52
40	51	9	21	2	14
30	33	10	23	25	51
2	19	13	22	4	36
50	13	15	29	23	48
51	14	4	47	12	9
13	44	16	42	39	17
18	2	14	46	1	37
41	10	29	40	11	1
11	33	3	37	44	26
39	50	33	49	48	30
38	21	26	27	11	19
6	34	10	22	41	23
1	32	23	11	31	24
18	50	6	22	19	31
33	3	42	9	37	51
19	49	22	40	36	17
22	39	15	50	19	18
4	30	45	11	50	38
19	8	38	35	43	33
34	50	19	9	33	41
19	15	16	32	25	6
30	37	45	35	3	13
42	22	12	25	21	45
11	49	3	12	42	52
43	25	7	29	13	42
15	49	23	45	22	17
35	1	48	8	16	42
23	30	9	49	27	12
18	43	17	27	7	52
3	36	23	19	20	18
25	12	23	16	15	30
51	5	12	36	10	42
32	50	14	19	20	44
32	52	46	34	21	33
23	28	36	21	11	1
31	42	5	23	15	19
10	2	35	8	16	45
20	11	44	3	40	31
35	39	25	51	50	48
5	14	9	41	16	19
23	24	10	14	45	26
15	10	34	7	17	45
18	41	2	3	16	26
36	35	39	32	7	31
45	14	31	20	19	44
36	45	27	34	25	19
25	36	3	14	4	48
41	39	15	23	9	27
45	24	49	29	40	2
16	8	24	49	10	48
28	26	6	13	9	23
50	33	23	28	51	17
51	35	38	24	21	8
24	45	42	16	46	8
28	47	33	35	15	37
20	45	50	38	21	36
46	2	5	13	1	9
23	36	24	44	47	20
27	21	32	23	52	3
39	18	2	10	15	31
40	26	31	34	11	6
50	27	48	33	21	2
48	44	9	2	5	17
39	14	49	20	35	25
44	7	50	33	39	30
26	37	39	14	47	50
5	47	35	26	52	42
24	31	44	42	19	7
47	31	15	10	19	12
42	7	35	32	20	3
43	47	44	29	23	14
26	29	36	18	12	30
26	30	24	4	41	32
27	10	41	47	33	16
44	29	17	45	13	31
36	24	33	47	48	21
21	52	3	16	33	41
7	19	1	30	42	11
4	5	39	37	47	7
40	44	39	51	18	33
35	51	6	40	34	48
46	24	44	5	11	23
18	37	46	33	19	2
2	30	15	26	43	34
12	9	13	35	5	52
27	16	8	39	50	13
25	23	11	26	28	29
48	46	9	14	30	11
24	36	28	13	17	1
31	35	44	20	37	19
40	39	12	20	41	48
15	52	28	18	29	46
17	9	36	11	51	24
21	46	31	14	15	25
35	11	5	22	3	20
52	8	27	1	3	26
40	16	36	24	32	28
44	48	45	7	46	47
29	47	11	46	42	14
41	10	33	17	6	39
35	10	42	20	16	44
8	5	16	18	44	39
15	29	40	23	43	9
36	26	22	1	4	12
27	34	17	23	48	19
6	15	33	38	17	7
18	37	26	9	3	39
18	40	24	37	38	20
17	40	38	20	25	8
38	32	48	31	51	3
41	25	21	12	22	18
26	51	18	30	8	23
14	39	1	28	21	34
12	45	42	48	30	33
36	33	40	13	20	26
30	26	13	14	50	11
4	33	34	46	38	23
45	7	5	11	47	8
23	17	5	46	42	3
35	21	10	45	34	43
25	22	2	40	50	37
25	47	26	3	34	51
3	20	24	45	4	48
2	9	31	30	47	50
21	24	50	13	22	42
39	14	16	5	23	46
34	36	5	30	14	6
21	13	40	25	20	38
30	23	3	52	27	41
18	23	19	50	32	17
6	16	1	32	21	50
27	36	37	52	29	46
4	25	5	48	18	34
32	29	3	30	18	16
34	28	49	17	19	14
52	48	41	19	43	50
38	12	40	30	13	26
38	6	37	5	49	33
2	3	21	14	8	6
34	1	4	9	23	16
1	20	27	18	44	25
41	49	14	21	19	46
12	5	18	16	50	6
6	34	28	52	29	46
27	6	3	34	32	9
15	19	4	11	24	35
34	33	15	45	26	38
15	49	32	12	3	23
4	44	7	8	24	41
40	52	29	39	3	20
15	3	23	19	26	36
41	43	46	15	3	23
8	17	3	33	4	41
39	19	8	13	29	47
33	8	19	30	35	44
51	20	7	47	39	41
13	48	47	2	20	31
13	40	24	7	18	43
20	52	5	13	24	43
32	31	49	27	44	50
34	3	51	20	14	44
42	28	31	13	11	30
17	22	45	36	30	7
11	10	21	49	18	38
21	43	20	23	49	19
21	26	6	14	22	35
16	22	35	44	27	49
29	50	11	52	39	2
50	47	1	36	3	48
27	22	13	11	15	23
51	22	30	9	12	21
21	17	15	47	16	49
28	11	43	23	13	22
14	28	9	35	44	1
1	3	52	4	8	27
34	29	49	35	51	50
17	33	38	31	27	44
22	15	25	3	21	33
28	22	25	6	1	10
23	49	32	25	17	39
30	48	23	42	19	12
13	48	25	18	30	10
13	15	45	8	43	1
43	35	26	23	13	52
26	44	13	7	19	36
34	47	40	52	29	15
31	16	19	14	29	42
25	29	46	38	33	40
34	14	22	20	4	6
42	40	30	13	9	45
30	25	7	46	9	44
26	51	33	30	28	35
43	32	46	39	30	14
12	29	44	6	21	10
48	8	21	49	25	22
23	19	22	8	15	12
41	42	32	26	8	5
6	25	5	22	4	33
12	38	13	16	51	42
30	31	38	28	17	24
13	44	23	52	33	38
21	19	9	37	51	29
11	25	51	9	46	13
1	30	33	4	36	9
13	37	33	3	12	20
18	5	35	42	4	29
50	33	2	5	6	23
33	13	47	41	30	38
36	1	24	30	19	33
38	28	27	26	51	29
27	23	14	24	13	28
10	44	19	29	40	33
50	46	25	1	44	22
13	21	35	45	51	41
30	51	32	24	4	47
47	4	8	36	51	40
47	34	13	39	30	14
45	17	8	35	12	23
32	1	22	49	44	50
13	36	39	17	10	5
29	38	32	12	10	13
39	48	52	10	14	17
28	48	7	24	21	45
15	29	35	24	26	19
42	1	49	51	50	11
7	25	34	11	37	51
29	2	22	51	52	3
14	48	28	30	15	18
18	15	29	49	14	34
1	32	28	48	17	16
26	20	31	11	17	19
48	16	14	3	26	2
19	9	24	48	42	16
25	29	42	16	28	7
44	12	26	48	29	45
8	5	4	14	2	26
26	9	20	45	51	38
4	14	9	15	49	29
39	17	23	14	52	41
7	19	51	10	46	22
45	24	15	9	17	3
46	14	40	32	21	26
8	1	11	29	9	36
46	47	34	30	48	16
34	28	45	2	51	17
7	30	23	2	28	8
46	29	3	17	47	5
18	24	26	44	27	11
29	46	41	7	8	36
28	48	44	39	25	52
25	29	6	13	33	16
36	35	38	29	22	11
20	6	38	19	16	1
51	30	27	39	44	46
3	4	10	5	6	51
18	9	48	50	12	27
35	14	21	34	7	5
7	44	23	12	36	3
17	3	11	31	45	26
22	44	45	29	49	14
49	5	50	35	26	24
45	30	34	26	23	9
36	30	5	37	14	52
43	29	33	21	25	27
51	47	11	25	29	13
20	31	49	26	11	4
20	52	45	4	38	31
25	21	3	36	29	4
15	43	16	37	24	34
9	2	13	22	4	10
36	51	31	47	48	33
44	16	22	29	45	49
40	27	51	49	45	23
22	20	14	8	44	45
29	43	26	10	3	33
11	32	34	1	23	12
41	23	31	39	33	6
20	7	17	4	47	5
20	37	45	1	35	32
51	50	40	35	42	46
15	29	37	1	28	16
20	37	40	11	3	47
42	14	29	27	6	23
19	5	22	15	8	31
15	38	23	28	17	6
42	22	17	3	26	11
12	46	18	5	49	28
16	26	42	10	50	41
42	19	13	30	1	35
36	42	9	6	10	39
42	16	13	1	17	48
17	46	10	38	22	24
47	12	16	18	6	24
19	35	9	6	18	13
33	41	32	49	42	35
42	21	3	30	8	14
29	51	32	14	37	50
7	34	21	13	17	15
4	50	44	45	2	21
40	17	9	10	16	15
28	37	7	38	52	40
14	47	38	8	19	9
34	42	13	3	45	32
6	37	10	12	1	35
4	44	8	19	26	37
45	52	3	6	44	48
43	34	41	31	3	52
48	31	27	12	25	42
35	18	28	29	15	46
42	30	4	40	43	23
49	50	31	10	4	42
21	32	8	41	35	49
30	20	7	16	49	15
29	43	5	10	19	20
6	26	5	8	39	18
50	51	15	10	39	28
37	11	21	50	30	36
1	33	42	7	47	13
48	29	40	3	51	23
33	36	9	42	6	4
28	12	10	19	30	29
50	42	27	2	28	26
52	7	21	35	46	30
44	27	18	50	24	52
49	36	50	43	22	45
1	45	31	6	4	12
28	6	29	45	15	43
25	46	47	38	50	45
46	21	51	2	10	19
38	45	33	34	20	15
12	16	51	40	21	49
27	26	20	13	16	21
3	52	13	29	20	12
45	21	41	50	10	16
40	22	32	27	29	16
18	48	50	39	21	36
4	28	9	45	36	41
37	33	49	22	14	25
5	33	44	4	27	14
1	49	34	44	16	52
4	23	39	21	50	52
20	21	47	15	30	28
39	42	46	26	28	12
16	52	43	42	1	30
9	7	41	43	30	46
31	49	52	17	7	1
34	36	40	13	7	12
34	2	48	12	31	35
1	44	5	10	11	13
36	50	23	48	30	28
5	50	26	4	12	47
34	35	45	26	13	24
27	46	12	38	9	20
15	2	12	21	11	50
12	31	41	18	50	25
6	25	41	13	31	10
51	10	27	18	35	9
42	27	43	28	48	25
34	9	13	23	42	48
18	33	4	46	49	50
32	18	45	37	48	24
23	30	36	42	14	28
31	20	32	28	23	36
20	1	19	26	52	22
49	5	43	38	21	39
13	18	51	31	4	5
40	27	9	35	30	12
15	37	12	22	43	34
23	28	30	34	35	33
46	25	27	51	20	33
35	49	46	47	45	18
49	20	9	21	47	15
51	33	30	31	4	5
19	47	7	6	43	39
41	33	26	50	9	32
16	35	42	6	36	2
14	8	36	5	35	40
41	24	34	39	13	44
5	36	11	4	12	26
26	13	24	16	30	34
44	41	18	26	34	51
6	30	49	11	51	47
39	46	7	41	31	8
48	49	25	36	24	16
13	37	8	52	6	18
51	39	42	34	15	36
14	26	37	52	28	36
51	24	41	40	13	11
19	12	9	33	18	4
4	37	50	13	44	15
26	8	44	10	29	6
19	37	34	48	5	27
19	46	52	42	13	5
43	9	20	39	15	17
20	24	41	35	1	27
3	43	15	36	41	7
4	25	46	51	45	18
6	48	33	52	12	44
13	38	2	20	35	51
24	51	37	46	9	42
40	29	9	8	41	11
30	31	26	7	34	41
26	38	12	20	14	3
1	28	31	2	30	7
19	20	41	51	23	46
40	10	52	15	37	49
8	1	23	6	35	19
42	11	5	32	34	39
33	2	49	50	1	4
30	33	13	49	26	28
44	4	45	39	26	41
42	41	48	27	21	39
33	43	26	11	37	36
23	40	43	12	30	9
4	24	44	3	2	19
45	5	27	10	18	4
26	32	31	17	3	27
8	13	17	51	43	34
40	36	10	21	28	8
1	36	34	11	18	16
38	8	23	13	52	14
1	12	42	9	17	51
1	15	22	46	9	47
50	36	2	48	5	19
20	35	47	19	40	51
40	50	31	9	32	19
48	8	32	51	22	5
16	26	5	8	47	22
51	52	34	48	12	10
52	17	21	35	11	13
23	41	1	52	48	13
29	24	45	7	52	17
2	12	33	9	3	28
30	48	41	35	15	46
43	10	27	47	31	9
49	1	19	34	22	18
9	30	23	40	48	10
37	8	28	18	33	4
27	14	16	18	36	3
43	48	13	34	2	45
49	38	19	22	50	33
39	7	26	10	42	22
17	33	30	3	41	36
41	10	28	47	35	29
38	8	24	5	43	48
48	50	34	22	14	30
45	39	32	37	10	24
27	1	17	6	11	42
52	28	13	23	34	1
48	14	29	5	7	16
26	52	15	23	19	32
8	9	36	43	17	32
28	52	24	44	51	35
31	40	44	46	12	41
2	8	28	48	46	29
3	33	36	34	27	46
4	38	2	10	33	29
16	26	10	27	1	38
20	3	34	30	35	48
24	34	30	1	40	38
21	27	40	44	13	15
29	48	12	4	10	19
10	48	27	30	35	20
45	18	7	35	51	2
22	29	13	26	27	31
44	32	41	46	5	3
52	50	43	47	26	5
35	33	41	36	15	14
45	24	52	17	34	43
26	23	20	38	6	1
52	6	40	21	35	2
21	47	16	44	49	32
30	20	16	4	39	10
25	35	26	6	7	13
35	6	45	42	31	4
30	41	2	4	44	25
25	51	11	13	12	9
51	52	44	42	22	17
50	45	29	22	47	36
38	15	41	13	14	20
15	21	40	28	32	4
46	11	24	51	5	40
47	17	40	4	11	31
11	24	16	7	17	30
50	51	6	16	24	1
48	20	32	36	9	15
9	30	6	7	10	24
30	33	44	5	13	6
18	24	45	42	44	46
29	48	24	51	33	5
34	46	23	11	50	48
29	39	20	18	44	21
24	13	47	8	3	18
2	36	13	24	25	28
42	39	35	25	37	5
4	30	25	45	43	40
9	41	21	50	27	8
2	50	6	14	4	51
25	2	5	40	17	38
11	25	49	44	20	34
33	38	44	27	32	30
21	33	12	38	31	35
4	26	47	50	42	5
27	14	19	36	15	47
26	13	43	19	31	36
47	4	51	21	5	13
43	40	1	31	45	46
21	16	17	4	34	15
32	45	42	50	15	40
45	44	51	27	21	33
19	49	17	11	18	52
48	22	42	19	9	2
9	19	17	43	16	49
51	11	30	52	18	5
15	12	18	9	45	26
30	34	41	7	3	31
7	11	46	32	26	22
47	41	49	27	11	52
42	23	15	19	17	45
31	28	29	13	27	38
29	23	47	48	42	8
49	17	52	28	51	11
40	20	48	21	50	35
2	29	34	41	25	23
21	17	31	30	45	43
33	7	15	43	37	40
12	30	28	49	13	32
26	22	18	34	17	44
15	21	4	12	10	42
22	50	17	51	18	47
3	34	30	7	10	28
7	40	3	37	9	31
41	30	40	37	1	27
1	17	43	18	40	2
3	21	41	2	43	27
25	42	17	48	8	7
12	21	1	3	27	33
3	48	18	35	42	11
44	27	45	22	3	26
3	36	43	44	35	7
4	1	51	42	36	43
3	38	1	50	45	10
18	50	26	35	45	24
21	18	16	19	9	4
12	51	35	11	9	6
42	13	28	11	45	31
48	51	39	36	32	38
15	39	18	23	28	33
50	42	38	7	15	23
10	52	40	16	31	41
20	21	52	39	9	7
37	52	3	46	41	4
18	6	17	38	33	24
41	6	37	39	23	47
40	51	23	3	36	46
22	8	21	7	2	4
17	8	44	26	10	32
16	24	41	34	3	51
38	32	8	48	46	14
20	52	8	14	13	9
14	49	17	24	15	16
30	5	43	12	29	15
8	29	16	33	20	46
2	28	13	33	5	21
21	42	46	8	12	35
36	31	23	50	5	15
22	8	34	25	11	52
15	22	6	10	35	52
46	17	3	26	35	5
31	5	4	15	13	12
8	30	36	44	42	48
13	46	11	15	6	47
34	49	30	21	16	19
10	5	6	8	38	22
21	24	23	38	6	41
45	11	4	31	3	2
22	35	24	3	8	23
7	33	29	8	36	22
5	4	24	6	26	11
30	15	44	13	20	47
25	7	8	42	33	4
20	10	23	48	33	18
15	11	17	48	16	51
32	48	42	2	11	14
4	30	41	24	15	34
31	27	29	9	36	5
29	18	49	1	19	15
50	31	19	4	1	48
34	41	33	6	18	50
9	38	27	32	15	2
26	11	2	16	6	25
42	44	45	14	17	50
31	12	1	26	18	27
51	42	8	47	49	24
32	8	28	16	2	44
21	30	9	13	42	41
23	47	42	15	12	52
52	26	13	21	38	49
36	7	44	42	23	46
20	42	17	45	18	13
46	6	41	28	52	13
7	21	8	32	6	9
28	15	47	26	13	7
34	46	4	3	32	21
15	31	20	6	48	5
39	41	5	47	35	43
10	49	33	28	14	23
22	23	39	46	11	21
22	24	50	46	47	33
9	2	52	20	41	1
49	11	32	15	26	4
39	10	20	22	21	11
15	29	10	31	41	2
20	5	4	48	39	32
12	7	51	18	15	22
34	23	7	18	46	33
15	4	40	6	31	24
24	12	17	30	51	47
34	20	14	40	2	18
17	30	6	15	11	35
37	19	15	16	27	22
30	1	11	7	14	44
23	2	14	19	32	6
21	50	25	34	37	29
7	10	41	29	15	43
18	46	34	52	10	40
6	1	14	21	45	47
3	27	41	32	25	8
43	51	6	20	14	16
47	46	2	27	40	33
29	43	37	48	21	11
33	1	30	24	4	25
29	51	6	38	19	47
19	47	6	2	52	45
6	15	33	14	29	21
33	44	23	10	29	42
2	45	23	18	5	1
27	45	1	28	49	10
33	3	14	23	26	35
47	10	38	49	5	29
18	24	33	22	6	14
20	24	31	5	45	51
9	34	45	8	39	24
12	50	10	8	52	47
42	18	52	7	19	6
16	31	3	32	25	8
14	46	27	10	38	29
45	7	28	30	26	43
26	37	34	47	41	19
51	6	42	52	9	22
7	1	19	6	52	13
35	42	15	19	14	33
10	27	6	14	17	51
18	14	10	20	30	5
19	45	4	42	21	52
14	51	45	34	46	41
31	29	17	35	41	15
29	44	46	2	3	13
28	46	38	32	26	42
13	26	8	5	16	2
5	51	24	37	7	42
41	46	12	52	14	35
10	7	34	48	42	9
25	24	18	17	20	21
21	17	3	41	33	2
6	7	24	9	4	3
23	52	24	48	49	2
15	49	9	4	43	10
26	24	10	42	1	5
52	7	33	4	50	5
11	4	24	28	16	20
17	50	13	18	21	16
18	5	25	52	46	38
10	12	22	46	32	52
4	37	45	26	50	14
42	23	22	9	27	5
38	8	4	52	44	9
49	27	38	16	5	36
36	41	29	18	14	51
41	45	23	35	34	30
27	9	8	35	33	51
51	20	9	1	17	7
22	5	13	36	47	39
3	31	48	46	24	35
22	5	15	51	36	38
51	10	33	49	22	16
14	9	43	10	33	2
28	52	7	10	47	5
28	32	24	51	4	22
12	27	31	7	6	44
12	5	20	26	19	15
14	35	5	19	30	4
33	10	14	50	11	26
37	18	2	1	43	33
48	49	4	16	23	33
1	37	15	18	27	30
42	24	17	35	33	25
36	22	51	14	16	9
46	17	15	3	14	49
7	38	2	25	47	52
5	35	22	41	6	25
43	42	14	17	37	30
41	15	11	2	19	17
16	26	43	35	10	4
33	42	46	30	19	14
43	9	13	25	33	5
30	35	18	15	19	51
40	52	22	12	47	27
3	46	1	34	11	24
33	51	20	23	31	35
23	4	28	31	32	35
21	46	19	52	40	12
30	45	52	12	17	1
17	29	31	30	47	43
34	47	10	5	39	8
42	30	17	41	11	34
27	37	34	25	13	50
49	11	30	20	13	40
45	24	31	26	28	6
15	42	38	20	16	25
13	24	17	50	26	12
9	52	27	6	39	13
30	9	36	27	28	11
16	40	33	3	49	36
31	51	4	48	10	12
12	1	50	37	7	11
27	46	42	20	14	34
17	39	27	47	31	3
34	4	52	13	11	17
11	39	18	1	6	35
52	29	49	42	18	7
51	50	42	32	23	5
41	36	28	26	47	32
16	20	15	14	11	23
32	28	31	37	34	50
52	16	40	38	3	24
14	24	13	19	5	35
50	5	15	43	23	12
2	8	36	28	50	15
5	15	37	22	44	7
34	12	20	36	25	16
4	38	10	46	16	26
50	37	10	40	35	15
17	36	38	45	34	15
22	4	36	18	45	50
36	25	50	12	16	4
7	4	28	45	39	36
18	22	23	39	16	40
16	5	4	39	36	6
38	17	40	23	14	31
43	13	39	20	5	30
39	31	6	25	44	48
41	2	22	15	12	23
5	50	22	47	43	20
34	50	22	3	51	17
31	8	45	50	18	4
28	35	25	9	3	21
51	20	52	50	6	2
37	1	32	10	52	48
25	18	15	29	51	50
37	31	38	15	45	33
5	46	16	21	47	9
34	44	46	18	13	8
1	33	49	39	48	30
12	22	37	23	17	19
25	22	29	52	20	18
45	43	19	28	7	52
9	32	40	29	16	48
3	13	34	25	40	51
41	5	21	43	36	27
12	6	10	5	28	2
35	19	51	44	8	11
14	24	25	1	38	39
2	31	32	50	22	51
29	19	48	1	30	11
39	17	27	36	19	40
29	5	36	32	43	12
15	16	6	38	3	14
11	31	19	6	38	30
42	26	3	13	40	20
28	45	21	27	5	16
44	23	48	5	14	8
22	26	47	25	27	48
16	33	3	17	1	5
35	18	22	5	27	12
20	9	16	36	52	24
16	20	23	25	3	33
14	25	20	2	34	19
44	7	40	5	27	3
50	47	42	34	11	6
15	25	37	33	35	23
24	15	34	4	19	42
42	7	2	25	36	21
46	42	3	23	24	31
41	10	15	25	51	8
19	6	32	44	18	20
26	30	27	31	35	50
14	15	31	52	37	5
32	4	38	31	14	19
4	14	28	43	6	8
36	44	23	3	21	22
3	9	14	20	43	33
40	27	10	26	44	6
23	25	3	21	37	40